949
940
332
831
502
922
41
1000
322
817
279
564
682
956
105
679
589
375
721
307
960
429
261
970
972
856
209
606
124
708
245
174
54
45
779
165
617
806
969
680
283
760
494
234
359
938
874
921
98
467
604
135
187
193
901
456
686
17
326
904
919
336
85
177
360
508
261
60
49
733
785
641
561
274
421
500
62
404
526
527
489
1
899
518
374
195
472
219
357
961
145
952
902
83
527
511
268
378
883
128
109
144
78
137
126
116
19
155
122
73
56
112
72
67
173
136
68
133
66
35
64
143
199
85
169
75
25
50
194
87
198
109
99
106
9
41
59
151
71
130
196
74
94
127
83
146
169
154
87
183
9
79
48
17
162
43
144
31
31
69